00000000000000000000000000000000000000000000000000011111110000000000000011100000000000111100011111111111111000000011111111110000
00000000000000000000000000000000000000000000000000011111110000000000000111110000000001111111111100101111111100000000111110010000
00000000000000000000000000000000000000000000000000111111110000000000000001111111111001111111011111111111111110000001111110010000
00000000000000000000000000000000000000000000000000111111110000000000000011111011111111111111001011111111111110000011111110010000
00000000000000000000000000000000000000000000000000111111110000000000000010111111111111111111011111111111111100000001111100110000
00000000000000000000000000000000000000000000000000001110110000000000010010111111111111111111111111110111111000000000011111110000
00000000000000000000000000000000000000000000000000111011110000000000111111111111111111111111111111111111111100000111111111110000
00000000000000000000000000000000000000000000000000011111111110000000011111111111111110111111111111111111110000000101111101100000
00000000000000000000000000000000000000000000000000000011111110000000000111111111111100011111111111111111110000000111111111100000
00000000000000000000000000000000000000000000000000000111111011111000001101111011111111111111111111111111111100001111111111110000
00000000000000000000000000000000000000000000011000000111111111111000001000110011111111111111111111111111111111111111111111111100
00000000000000000000000000000000000000000000011011111111111110101000111000000010011111110011111111111111111111111111111111111100
00000000000000000000000000000000000000000000011111111101111100100001100000000111111111000011111111111111111111111111111111111100
00000000000000000000000000000000000000000000011111111111010100110001110000000111111111000111111111111111111111111111111111111100
00000000000000000000000000000000000000000000001111111111111100110001110000001111111101111111111111111111111111111111111111111110
00000000000000000000000000000000000000000000001110111111101111110000110000000111111011111111111111111111111111111111111111111110
00000000000000000000000000000000000000000000000000011111100001011111100000100111111011111111111111111111111111111111111111111111
00000000000000000000000000000000000000000000000000001111000011101111110001111111111111111111111111111111111111111111111001111111
00000000000000000000000000000000000000001110000000000000000111111011110001110111111111111111101111111111111111111111111111111111
00000000000000000000000000000000000000001110111000000000000011111101100001111111111111111110111111111111111111111111111111111111
00000000000000000000000000000000000000111011111111100000000111111100000000010111010011111110111111111111111111111111111111111111
00000000000000000000000000000000000000111000011111110000000001111000000000000111010111111111111111111111111111111111111111011110
00000000000000000000000000000000000000111111011110111100000011111000000000000111110111111111111111111110111111111111111111011111
00000000000000000000000000000000000000000111011110010100000011110000000000001111110111111111111111111111111111111111111111111111
00000000000000000000000000000000000000000110000111100111100000110000000000001111111111111111111111111111111111111111111111111111
00000000000000000000000000000000000000000010000001100111111001111100000000000101111111111111111111111111111111111111111111111111
00000000000000000000000000000000000000000010000001000111111001111100000000000001111111111111111111111111111111111111111111111111
00000000000000000000000000000000000000000011000000000001111011111100000000000001111111011111101101111111111111111111111111011111
00000000000000000000000000000000000000111011000000000000111110110000000000000111111111111111111111111011111111111111111111111111
00000000000000000000000000000000000000111111000000000000111100110000000000000111111111111111111111111111111001011111111111111111
00000000000000000000000000000001111100011111100000000001110111110000000000000011001111111111111111111111111111111111111111111111
00000000000000000000000000000001001111111111100000000001111111110000000000000001001111111111111111111111111111111111111111111111
00000000000000000000000000000001001111111101000000000000000111110000000000000011000110111111111111111111111100111111111111111111
00000000000000000000000000000111101000101101111100000000000111010000001000101110001111110111111100111111111111111111111111111110
00000000000000000111000000001110111000111111100110000000001111111100011110111000000111011101111100111111111111111111111111111100
00000000000000001111100000000000001111100111011111000001001111111100111111100000000000000001110011111111111111111111111111111110
00000000000001111111100000010000011111100111111111001011100101111000111111100000000000000001001110011111111111111111111111111100
00000000000001111111111111111111111111100111111011111111110111111000011011100000000000000001111110011111111111111111111111111110
00000000000001101111101111111100111111110010010000111111110101111110011111000000000000000111111111111111111111111111111111111111
00000000000111001111111111111110111110110000011111111111110000001110011100000000000000011111111111111111101111111111011111111111
00000000001111111111111111111011111110100000111111111100111100111111111111100000000000011110111111111111111111110111001101111111
00000000001111111111111111101111101100100000011111110111111111111111111111100000011111011110111111111111111111111111111111111111
00000000000011111111111111101100111111100000111111111111111111111111111110110000001101111100111111111111111111111111111111111111
00110011000011111111111111000000001000000001111111111111111111111111111111111100000101111111111111111111111111111111111111111111
10110111000011111111111111000000000000000001111111111111111111111111111111111111111111111111111111111111111111111111111111111111
11111110000011111111110110000000000000000011111111111111111111111111111111111111111111111111111111111111111111111111111111111111
11111111100011111110111000000000000000001111111011111111111111111111111111111111111111111111111111111111111111111110111111111111
11111111111111111111111000000000000000011111111111111111111111111111111111111111111111111111111111111111111111111110111111111111
11111111111111111111111000000000000000011111111111111111111111111111111111111111111111111111111111111111111111111111111111111110
11111111111111111011100000000000000000011111111111111111111111111111111111111111111111111111111111111111111111111111111111111111
11111111111111111100000000000000000000011100111111111111111111111111111111111111111111111111111111111111111111111111111111001111
11111011111111111000000000000000000000011100111111111111111111111111111111111111111111111111111111111111111111111111111111111111
11111111111111111000000000000000000000001111111011111111111111111111111111111111111111111111111111111111111101111111111111111111
11111110111111011000000000000000000000001111110001111111111111111111111111111111111111111111111111111111111101111111111111111111
11111110101111111000000000000000000000001111111100111111011111111111111111111111111111111111111111111111111111111111111111111111
11111111101111100000000000000000000000111111111001111111011111111111111111111111111111111111111111111111111111111111111111111111
01111111111111110000000000000000000000111111111101111111111111111111111111111111111111111111111111111111111111111111111111111111
00111111100111110000000000000000000000111111000111111111111111111111111111111111111111111111111111111111111111001111111111111111
01111111100001000000000000000000000000111111111111111101111111111111111111111111111111111111111111111111111111101111111111111111
00111111100000000000000000000000000000111110111111111101111111111111111111111111111111111111111111111111111111111111111111111111
00011101100000000000000000000000000000000111111111111111111111111111111111111111111111111111111111111111111110111111111110111111
00011000000000000000000000000000000000000111111111111111111111111111111111111111111111111111111111111111111111111010011101111110
00000000000000000000000000000000000000000011111111101111111111111111111111111111111111111111111111111111111111111111110111110000
00000000000000000000000000000000000000000011100111101111111100111111111111111111111111111111111111111111111111111101000111010000
00000000000000000000000000000000000000000011000111100111111111111111111111111111111101111111111111111111111111111101111111110000
00000000000000000000000000000000000000001111000111111111110000101111111111111111111111001111111111111111111111111000000000000000
00000000000000000000000000000000000000001111000111111111110000111111111111111111111111001111111111111111111111111000000000000000
00000000000000000000000000000000000000111101001100111111111000111111111111111111111111111111111111111111111111111000000000000000
00000000000000000000000000000000000001111101111111111111101111111111111111111111111111111110111111111101111111100000000000000000
00000000000000000000000000000000000001111111110011111111111111111111111111111111111111111111111111100111111111100000000000000000
00000000000000000000000000000000000001111111111111111110111111111111111111111111111111111111111111111110011111100000000000000000
00000000000000000000000000000000000001110011111111111110111111111111111111111111111111111111111111100011111111110000000000000000
00000000000000000000000000000000001111111111111111111111111111111111111111111111111111111111111111011111111111111000000000000000
00000000000000000000000000000000001111111111111111111111110111111111111111111111111101100111111111111111111111110000000000000000
00000000000000000000000000000000011111111111111111111111111111111111111111111111111111111101111111111110011110000000000000000000
00000000000000000000000000000000011111111111111111111111111111111111111111111111111111110011111111111110000000000000000000000000
00000000000000000000000000000000011111111111100011111111111111111111111111111111111111000011111111111100000000000000000000000000
00000000000000000000000000000000011111111111100000111111111111111111111111111111111110000000101111111100000000000000000000000000
00000000000000000000000000000000001111111111111110111111111111111111111111111101111110000000000111111111000000000000000000000000
00000000000000000000000000000000000011111111111111111110111111111111111111111111111110000000000011111111000000000000000000000000
00000000000000000000000000000000000011111111111111111111111111111111111111111111111110000000000011111110000000000000000000000000
00000000000000000000000000000000000011011111111111111110011111111111111111111111111111000000000011111110000000000000000000000000
00000000000000000000000000000000000000001111111111111111011111111111111111111111111110000000000011101110000000000000000000000000
00000000000000000000000000000000000000000111111110000001011111111111111111111111111000000000000011000111100000000000000000000000
00000000000000000000000000000000000000000111111111000011011101111100111111111111111100000000000011000111100000000000000000000000
00000000000000000000000000000000000000001111111111000011111010001100111111111111111100000000000000000111100000000000000000000000
00000000000000000000000000000000000000001111100110000011110010011111111111111111111000000000000000000111000000000000000000000000
00000000000000000000000000000000000000000000001111000000000011011111111111111111100000000000000000000001000000000000000000000000
00000000000000000000000000000000000000000000001110000001111111111111111111111111100000000000000000000000000000000000000000000000
00000000000000000000000000000000000000000000000000000001000000110000111111111100111110000000000000000000000000000000000000000000
00000000000000000000000000000000000000000000000000000001110000000010111111111111011110000000000000000000000000000000000000000000
00000000000000000000000000000000000000000000000000000111110000000011111111111110111110000000000000000000000000000000000000000000
00000000000000000000000000000000000000000000000000000100000000001111111111111100111111100000000000000000000000000000000000000000
00000000000000000000000000000000000000000000000000000100000000111111011111111101111011110000000000000000000000000000000000000000
00000000000000000000000000000000000000000000000000000110000000111111111111111111110001110000000000000000000000000000000000000000
00000000000000000000000000000000000000000000000000000110000000001111111111111111100001100000000000000000000000000000000000000000
00000000000000000000000000000000000000000000000000000011111000001111111111111110000000000000000000000000000000000000000000000000
00000000000000000000000000000000000000000000000000000000111110110111001111111100000000000000000000000000000000000000000000000000
00000000000000000000000000000000000000000000000000000000011111111111101110110110000001011100000000000000000000000000000000000000
00000000000000000000000000000000000000000000000000000000011111111111111001101011000001101110000000000000000000000000000000000000
00000000000000000000000000000000000000000000000000000000001111100111111011111111111111111110000000000000000000000000000000000000
00000000000000000000000000000000000000000000000000000000001100111111111111111111111111111111100000000000000000000000000000000000
00000000000000000000000000000000000000000000000000000000001111111100111110101111111111111111110000000000000000000000000000000000
00000000000000000000000000000000000000000000000000000000000011111110011111111011111101111111110000000000000000000000000000000000
00000000000000000000000000000000000000000000000000000000000001111111111110011111111101111111110000000000000000000000000000000000
00000000000000000000000000000000000000000000000000000000000001111111000110111111110110111111110000000000000000000000000000000000
00000000000000000000000000000000000000000000000000000000000000001111110111111111111110111111111000000000000000000000000000000000
00000000000000000000000000000000000000000000000000000000000000111111110001111011111100011111110000000000000000000000000000000000
00000000000000000000000000000000000000000000000000000000000000111111111011111111111111111011111000000000000000000000000000000000
00000000000000000000000000000000000000000000000000000000000000110111111111111111111101101111111010000000000000000000000000000000
00000000000000000000000000000000000000000000000000000000000000011111111111111111111101101111111111000000000000000000000000000000
00000000000000000000000000000000000000000000000011110001111110111110111111111111111001111111111111000000000000000000000000000000
00000000000000000000000000000000000000000000000011110001111110111110111111111111111011111111111111110000000000000000000000000000
00000000000000000000000000000000000000000000000011000001111111111111111111111111111111111111111111000000000000000000000000000000
00000000000000000000000000000000000000000000000111100111111111111101111111111111111111111111111110000000000000000000000000000000
00000000000000000000000000000000000000000000000111101111111111111101111101111111111111111011111111000000000000000000000000000000
00000000000000000000000000000000000000000000011111111111111111111101111111111111101111111111111111000000000000000000000000000000
00000000000000000000000000000000000000000000011100111111111111111111110011111111001111111111111100000000000000000000000000000000
00000000000000000000000000000000000000000000111110111111111111110111111100001111001111111111111100000000000000000000000000000000
00000000000000000000000000000000000000000001111111111111111100000111111100000111101111111011111100000000000000000000000000000000
00000000000000000000000000000000000000000001111111111111110100000111111100001111111111111110011100000000000000000000000000000000
00000000000000000000000000000000000000000001111111111111001100011110000110011111111111111111111100000000000000000000000000000000
00000000000000000000000000000000000000000001110111111110001000011111000110011111111111111111111100000000000000000000000000000000
00000000000000000000000000000000000000000000001111101000011101111111011111111111111111111111110000000000000000000000000000000000
00000000000000000000000000000000000000000000001111111101111111111111111111111111111111111111110000000000000000000000000000000000
00000000000000000000000000000000000000000000011111111101011111111111111111111101100111111100000000000000000000000000000000000000
00000000000000000000000000000000000000000000011111101101111111111111110111111111000111100000000000000000000000000000000000000000
00000000000000000000000000000000000000000000001111111111111111111111111111110110000100000000000000000000000000000000000000000000
