11111111111111111111111111111111111111111110000000000000000000000000011111100000001100000000000000000000000000000000000000000000
11111111111111111111111111111111111111111111111000000000000000000000011111000000111100000000000000000000000000000000000000000000
11111111111111111111111111111111111111111111111100000000000000000000011111100000111111000000000000000000000000000000000000000000
11111111111111111111111111111111111111111111111100000000000000000000011111100110011111000000000000000000000000000000000000000000
11111111111111111111111111111111111111111111101100000000000000000000011111110111111111000000000000000000000000000000000000000000
11111111111111111111111111111111111111111111101100000000000000000000010111110111100000000000000000000000000000000000000000000000
11111111111111111111111111111111111111111111101100000000000000000000111111011110110000000000000000000000000000000000000000000000
11111111111111111111111111111111111111111111111100000000000000000000110011001101110000000000000000000000000000000000000000000000
11111111111111111111111111111111111111111111111000000000000000000000010011000001111000000000000000000000000000000000000000000000
11111111111111111111111111111111111111111111100000000000000000000000111000000000111000000000000000000000000000000000000000000000
11111111111111111111111111111111111111111000100000000011110000000111100000000000110000000000000000000000000000000000000000000000
11111111111111111111111111111111111111110000111100000011110000000011000000000001110000000000000000000000000000000000000000000000
11111111111111111111111111111111111111110101111100000011100000000010000000000001110000000000000000000000000000000000000000000000
11111111111111111111111111111111111111111111111110000011100000000111100000000011111000000000000000000000000000000000000000000000
11111111111111111111111111111111111111111111111111111001100000000001100000000011111000000000000000000000000000000000000000000000
11111111111111111111111111111111111111111111011111100001100000001000111100000011111110000000000000000000000000000000000000000000
11111111111111111111111111111111111111111111111111111011100000011001111100000111111110000000000000000000000000000000000000000000
11111111111111111111111111111111111111111111111011111110001111001101111110000111111000000000000000000000000000000000000000000000
11111111111111111111111111111111111111111111011111111111111101111111011111000111100000000000000000000000000000000000000000000000
11111111111111111111111111111111111111111111001111111111111000000001111111100111100000000000000000000000000000000000000000000000
11111111111111111111111111111111111111111111111111111110000000000001111111111111100000000000000000000000000000000000000000000000
11111111111111111111111111111111111111111111111111111100000000000001111111011111000000000000000000000000000000000000000000000000
11111111111111111111111111111111111111111111111111111111011100000001001111011111000000000000000000000000000000000000000000000000
11111111111111100111111111111111111111111111011111111111110110000001111111110011111000000000000000000000000000000000000000000000
11111111111111111111111111111111111111111111111101000000111010000111011111110000011000000000000000000000000000000000000000000000
11111111111111111111111111111111111111111111111101000000011110001110111111010000001000000000000000000000000000000000000000000000
11111111111111111111111111111111111111111111111100000000010110111111111111110011101000000000000000000000000000000000000000000000
11111111111111111111111111111111111111111111111110000000010000111111111111100011101100000000000000000000000000000000000000000000
11111111111111111111111111111111111111111110111011000000011011111110001111110001111100000000000000000000000000000000000000000000
11111111111111111111111111111111111111111111111111000000010010111110011011111101001111000000000000000000000000000000000000000000
01111111111111111111111111111111111111100001111001100000110111111110011110011101000000000000000000000000000000000000000000000000
00000111111111111111111111111111111111111000111001100101100111111100011000111111000000000000000000000000000000000000000000000000
00000111111111111111111111111111111111111001111111101111100101111100111111111100000000000000000000000000000000000000000000000000
00001111111111111111111111111111111111111111111101101111100111011111111111111110000000000000000000000000000000000000000000000000
00011111111111111111111111111111111111111010100011111111111110000111111111111100000000000000000000000000000000000000000000000000
01111100011111111111111111111111111111111011111111111111111100000011111111110000000000000000000000000000000000000000000000000000
00111000111111111111111111111111111111111111111100111111000000000011111111110000000000000000000000000000000000000000000000000000
00111111111111111111111111111111111111111011111100011110000000000011111111100000000000000000000000000000000000000000000000000000
01111111111111111111111111111111111111111111111101111111000000000000111111100000000000000000000000000000000000000000000000000000
11111111111111111111111111111111111111111111010101111111000000000000000001000000000000000000000000000000000000000000000000000000
11111111111111111110111111111111111111111111111111111111100000000000000000000000000000000000000000000000000000000000000000000000
11111111111001011111111111111111111111111111111111111111100000000000000000000000000000000000000000000000000000000000000000000000
11111111001001111111111111111111111111111111111111111111100000000000000000000000000000000000000000000000000000000000000000000000
11111111111101111101111111111111111111011100111111111110000000000000000000000000000000000000000000000000000000000000000000000000
11111111111101111111111111101111111111011111111111111000000000000000000000000000000000000000000000000000000000000000000000000000
11111111111101111111111111111111111111011111111111111110000000000000000000000000000000000000000000000000000000000000000000000000
11111111111100001111111111111111111111111111111111111110000000000000000000000000000000000000000000000000000000000000000000000000
11111111111000000111111111111111111111111111111111111100000000000000000000000000000000000000000000000000000000000000000000000000
11011111111000000110011111111111111111111111111111111100000000000000000000000000000000000000000000000000000000000000000000000000
10001111110000000100011111111101111111111111111111100111000000000000000000000000000000000000000000000000000000000000000000000000
00001111000000000000011111111101111111111011001111111111000000000000000000000000000000000000000000000000000000000000000000000000
00001110000000000000011101111111111111111100000001110111000000000000000000000000000000000000000000000000000000000000000000000000
00001100000000000000011111111101111111111110001101000000000000000000000000000000000000000000000000000000000000000000000000000000
00001111000000000011111111111111111111111110011111000000000000000000000000000000000000000000000000000000000000000000000000000000
00011111110000000011111111111111111111111100011110110011000000000000000000000000000000000000000000000000000000000000000000000000
01111111011110011111111111111111111111111111101111111111100000000000000000000000000000000000000000000000000000000000000000000000
01111111111100011111111111111111111111111111110010001111100000000000000000000000000000000000000000000000000000000000000000000000
11111111111101111111111111111111001111111111111111001111110000000000000000000000000000000000000000000000000000000000000000000000
11111111111111000111111111111111111111111111111101111000111000000000000000000000000000000000000000000000000000000000000000000000
11111111111111000111111111111111111111111111111111100000001100000000000000000000000000000000000000000000000000000000000000000000
00111111111111000111111111111111111111111111111111111000011100000000000000000000000000000000000000000000000000000000000000000000
00111111111111000111111111111111111111111111111111111100011100000000000000000000000000000000000000000000000000000000000000000000
01111111111111100011111111111111111111111111111111111000010000000000000000000000000000000000000000000000000000000000000000000000
01100111111111101111111111111111111111111111111111111000110000000000000000000000000000000000000000000000000000000000000000000000
01101111111111101111111111111111111111111101111111111111110000000000000000000000000000000000000000000000000000000000000000000000
01111111111111111111111111111111111111101111001111111110110000000000000000000000000000000000000000000000000000000000000000000000
11111110111110001111111111111111111111111111100111111111110000000000000000000000000000000000000000000000000000000000000000000000
11111110111110001111101111111111111111111110100001111111100000000000000000000000000000000000000000000000000000000000000000000000
11111110111111000110001111111111111111111111110001111111100000000000000000000000000000000000000000000000000000000000000000000000
11111111111111000000001111111111111111111111111110101111100000000000000000000000000000000000000000000000000000000000000000000000
11111111111111000000000001111111111111110001111111111111000000000000000000000000000000000000000000000000000000000000000000000000
11111111111111000000001111111111111111000000111111111111000000000000000000000000000000000000000000000000000000000000000000000000
11111111111111111000011100111111111111111111101111111111000000000000000000000000000000000000000000000000000000000000000000000000
11111111111111110001001111111111111111111111111111111111000000000000000000000000000000000000000000000000000000000000000000000000
11111011111111111111111111111111111111111111111111111011100000000000000000000000000000000000000000000000000000000000000000000000
11111110111110011111011100111111111111111111111111111011110000000000000000000000000000000000000000000000000000000000000000000000
11111111111100110011011101111111111111111111111111111111110000000000000000000000000000000000000000000000000000000000000000000000
11111111101000100000010111111111111111111101111111111111111100000000000000000000000000000000000000000000000000000000000000000000
10011011111100111001110111111111111111111111110011111110101100000000000000000000000000000000000000000000000000000000000000000000
11100111111011111001111111111111111111111100111111111100110000000000000000000000000000000000000000000000000000000000000000000000
11110110001111110011111111111111111111111111110110111111111000000000000000000000000000000000000000000000000000000000000000000000
11110000001110111011111111111111111111111111000000111111110000000000000000000000000000000000000000000000000000000000000000000000
11110010000011111111111111111111111111111111000000011111111000000000000000000000000000000000000000000000000000000000000000000000
01111110000000001000001111111111111111001001111000000101100000000000000000000000000000000000000000000000000000000000000000000000
00101110000000000000001111111111111101001001111000000000000000000000000000000000000000000000000000000000000000000000000000000000
00001010000000000000001111111111111111101111011100000000000000000000000000000000000000000000000000000000000000000000000000000000
00001000000000000000001111111111111111111101001100000000000000000000000000000000000000000000000000000000000000000000000000000000
00001000000000000000000111111111111111111111111110000000000000000000000000000000000000000000000000000000000000000000000000000000
00001100000000000000000001111111111111111111111110000000000000000000000000000000000000000000000000000000000000000000000000000000
00000110000000000000000011110111111111111110111111110000000000000000000000000000000000000000000000000000000000000000000000000000
00001100000000000000000001100111111111111111011001110000000000000000000000000000000000000000000000000000000000000000000000000000
00111111000000000000000011100011111111111111001101110000000000000000000000000000000000000000000000000000000000000000000000000000
00100111000000000000000001100011111111111100000000010000000000000000000000000000000000000000000000000000000000000000000000000000
00100111110000000000000000101111110111111100000000010000000000000000000000000000000000000000000000000000000000000000000000000000
00110110010000000000010111111111000001111111000000010000000000000000000000000000000000000000000000000000000000000000000000000000
00110011110000000000011111111111110111111111000000110000000000000000000000000000000000000000000000000000000000000000000000000000
00100001100000000000011111111111011111111101000000100000000000000000000000000000000000000000000000000000000000000000000000000000
00110000000000000000001111110111101111111100000001100000000000000000000000000000000000000000000000000000000000000000000000000000
11111000000000000000000110111111111111111100000011110000000000000000000000000000000000000000000000000000000000000000000000000000
10010000000000000000000100111111111100110100000011110000000000000000000000000000000000000000000000000000000000000000000000000000
11000000000000000000000111111001111111110100000111110000000000000000000000000000000000000000000000000000000000000000000000000000
01000000000000000000000111111011111111011100000011110000000000000000000000000000000000000000000000000000000000000000000000000000
01101000000000000000000111011111111111110000000111100000000000000000000000000000000000000000000000000000000000000000000000000000
00111110000000000001111110111111111111100000000011100000000000000000000000000000000000000000000000000000000000000000000000000000
00011110000000000001111111111111111111100000000011110000000000000000000000000000000000000000000000000000000000000000000000000000
00000111000000000000111111111111111111110000000011110000000000000000000000000000000000000000000000000000000000000000000000000000
00001111100100000000111111111111111111111000000111100000000000000000000000000000000000000000000000000000000000000000000000000000
01111111100110110000010001111111111111111100011111100000000000000000000000000000000000000000000000000000000000000000000000000000
11111111111111111000000001111011111111111111101111110000000000000000000000000000000000000000000000000000000000000000000000000000
11110111111111111110111011001111111111111111111111000000000000000000000000000000000000000000000000000000000000000000000000000000
11111111111111111011110010001111111111111111111110000000000000000000000000000000000000000000000000000000000000000000000000000000
11111111111111111111111110001101111111111111111110000000000000000000000000000000000000000000000000000000000000000000000000000000
11111111111111111110011000111111111111111111111100000000000000000000000000000000000000000000000000000000000000000000000000000000
11111111111110111110000000111111111111111111010100000000000000000000000000000000000000000000000000000000000000000000000000000000
11111111111100111111111100111111111111111111100100000000000000000000000000000000000000000000000000000000000000000000000000000000
01111111111101111111110001111111111111111111111100000000000000000000000000000000000000000000000000000000000000000000000000000000
01111111111111111111110011111111111100001111000000000000000000000000000000000000000000000000000000000000000000000000000000000000
01111111101111111111111011111111110000001110000000000000000000000000000000000000000000000000000000000000000000000000000000000000
01101111110101111111111000111111000000000000000000000000000000000000000000000000000000000000000000000000000000000000000000000000
11111011001111111111111011111000000000000000000000000000000000000000000000000000000000000000000000000000000000000000000000000000
11111110011111111111111111111000000000000000000000000000000000000000000000000000000000000000000000000000000000000000000000000000
11111000011111100111111111111000000000000000000000000000000000000000000000000000000000000000000000000000000000000000000000000000
11101110011111110010111111100000000000000000000000000000000000000000000000000000000000000000000000000000000000000000000000000000
01101011111101111000011110000000000000000000000000000000000000000000000000000000000000000000000000000000000000000000000000000000
01111011111111111001111110000000000000000000000000000000000000000000000000000000000000000000000000000000000000000000000000000000
00111111111111111100011110000000000000000000000000000000000000000000000000000000000000000000000000000000000000000000000000000000
00111111111111111100001110000000000000000000000000000000000000000000000000000000000000000000000000000000000000000000000000000000
01111001111111110000000000000000000000000000000000000000000000000000000000000000000000000000000000000000000000000000000000000000
